     1.0000    -0.6364    14.7859          0    14.2829
     2.0000    -1.7202    28.7619          0    16.4726
     3.0000    -0.2923    45.7914          0    17.6227
     4.0000     0.6875    56.6706          0    13.2916
     5.0000    -2.4761    76.4568          0    14.7736
     6.0000     2.3829    90.9508          0    14.1406
     7.0000     1.4643   104.9209          0    15.2224
     8.0000    -1.2322   123.5090          0    14.1959
     9.0000     1.6036   138.6996          0    14.8816
    10.0000    -2.5183   146.4271          0    16.4225
    11.0000        NaN        NaN     2.2489    14.8143
    12.0000        NaN        NaN     9.0000    13.1819
    13.0000        NaN        NaN    18.0000    16.7117
    14.0000        NaN        NaN    27.0000    16.4481
    15.0000        NaN        NaN    36.0000    16.5388
    16.0000        NaN        NaN    45.0000    14.1227
    17.0000        NaN        NaN    54.0000    13.8812
    18.0000        NaN        NaN    63.0000    12.4314
    19.0000        NaN        NaN    72.0000    12.7910
    20.0000        NaN        NaN    83.2532    14.7591
    21.0000    94.6201   258.2167    90.0000    15.1392
    22.0000   115.1994   260.5579    90.0000    14.1821
    23.0000   121.3225   260.2637    90.0000    15.0477
    24.0000   139.6745   258.2903    90.0000    16.1060
    25.0000   158.1072   259.0383    90.0000    14.9329
    26.0000   175.6130   258.8439    90.0000    15.3365
    27.0000   181.3569   262.7220    90.0000    15.3599
    28.0000   196.0819   263.7981    90.0000    16.4810
    29.0000   216.7709   259.7998    90.0000    16.4366
    30.0000   231.5194   259.4486    90.0000    13.7347
